5 0.46517857142857144 0.3521205357142857 0.14285714285714285 0.19754464285714285
5 0.6286830357142857 0.3236607142857143 0.13504464285714285 0.16071428571428573
5 0.7581473214285714 0.32645089285714285 0.11941964285714286 0.12834821428571427
5 0.31339285714285714 0.3353794642857143 0.11830357142857142 0.15290178571428573
5 0.1822544642857143 0.34375 0.09709821428571429 0.11383928571428571
4 0.7402901785714285 0.46986607142857145 0.4810267857142857 0.11383928571428571
4 0.22243303571428572 0.47154017857142855 0.38950892857142855 0.12165178571428571
1 0.23359375 0.7483258928571429 0.4140625 0.2533482142857143
1 0.7754464285714285 0.7254464285714286 0.4330357142857143 0.30580357142857145
0 0.8965401785714285 0.16852678571428573 0.07924107142857142 0.21428571428571427
