0 0.9065848214285714 0.1875 0.17745535714285715 0.20758928571428573
4 0.6978794642857142 0.5652901785714286 0.5859375 0.34933035714285715
4 0.17388392857142856 0.5574776785714286 0.33035714285714285 0.3314732142857143
5 0.28660714285714284 0.31863839285714285 0.24776785714285715 0.20424107142857142
5 0.6141741071428571 0.31640625 0.24665178571428573 0.22209821428571427
5 0.4489955357142857 0.2505580357142857 0.11049107142857142 0.21316964285714285
5 0.5248883928571428 0.09207589285714286 0.11049107142857142 0.14620535714285715
5 0.38816964285714284 0.08482142857142858 0.15178571428571427 0.13392857142857142
5 0.3044642857142857 0.16741071428571427 0.17857142857142858 0.140625
5 0.58515625 0.20703125 0.18861607142857142 0.18638392857142858
