1 0.7547991071428571 0.6635044642857143 0.4654017857142857 0.26450892857142855
1 0.22299107142857144 0.6283482142857143 0.375 0.30357142857142855
0 0.7933035714285714 0.4341517857142857 0.33035714285714285 0.14508928571428573
2 0.6917410714285714 0.13225446428571427 0.08035714285714286 0.14397321428571427
2 0.5912946428571428 0.11941964285714286 0.11160714285714286 0.19196428571428573
2 0.45345982142857144 0.12890625 0.09486607142857142 0.23549107142857142
2 0.2927455357142857 0.09151785714285714 0.09486607142857142 0.16964285714285715
2 0.16328125 0.08482142857142858 0.14620535714285715 0.14285714285714285
4 0.22745535714285714 0.24888392857142858 0.41294642857142855 0.21428571428571427
4 0.7280133928571428 0.27064732142857145 0.49888392857142855 0.1484375
