1 0.7793526785714285 0.7516741071428571 0.36049107142857145 0.3203125
1 0.30111607142857144 0.7589285714285714 0.45535714285714285 0.3794642857142857
1 0.7910714285714285 0.34933035714285715 0.39285714285714285 0.20758928571428573
1 0.2871651785714286 0.3002232142857143 0.5435267857142857 0.27455357142857145
5 0.2614955357142857 0.17020089285714285 0.13950892857142858 0.21316964285714285
5 0.40658482142857144 0.16796875 0.1484375 0.2935267857142857
5 0.5594866071428571 0.16741071428571427 0.13950892857142858 0.30580357142857145
5 0.8329241071428571 0.14787946428571427 0.09933035714285714 0.2421875
5 0.7051339285714285 0.14732142857142858 0.14285714285714285 0.27232142857142855
0 0.82734375 0.5262276785714286 0.2779017857142857 0.09709821428571429
