3 0.10580357142857143 0.5842633928571429 0.08705357142857142 0.09933035714285714
4 0.22745535714285714 0.8364955357142857 0.4419642857142857 0.31361607142857145
4 0.8206473214285714 0.8848214285714285 0.3560267857142857 0.2294642857142857
5 0.5466517857142857 0.3046875 0.14285714285714285 0.2700892857142857
5 0.7001116071428571 0.2818080357142857 0.10825892857142858 0.23102678571428573
5 0.8334821428571428 0.28794642857142855 0.10267857142857142 0.18973214285714285
5 0.37979910714285714 0.26841517857142855 0.07700892857142858 0.16629464285714285
5 0.2715401785714286 0.26060267857142855 0.12611607142857142 0.13950892857142858
5 0.28604910714285714 0.44698660714285715 0.40513392857142855 0.21986607142857142
5 0.7827008928571428 0.45926339285714285 0.3515625 0.22209821428571427
