3 0.9378348214285714 0.4296875 0.1015625 0.171875
5 0.4947544642857143 0.44754464285714285 0.15736607142857142 0.265625
5 0.7793526785714285 0.6456473214285714 0.25111607142857145 0.18415178571428573
5 0.6392857142857142 0.6930803571428571 0.25669642857142855 0.171875
5 0.6286830357142857 0.5574776785714286 0.20647321428571427 0.11941964285714286
5 0.378125 0.42801339285714285 0.14955357142857142 0.27566964285714285
5 0.59296875 0.43191964285714285 0.1484375 0.29464285714285715
5 0.21462053571428572 0.6568080357142857 0.2734375 0.17745535714285715
5 0.3786830357142857 0.6947544642857143 0.23549107142857142 0.1796875
4 0.15044642857142856 0.8822544642857143 0.2767857142857143 0.20870535714285715
4 0.7731026785714286 0.8795758928571429 0.4529017857142857 0.18549107142857144
