0 0.7229910714285714 0.5061383928571429 0.296875 0.07477678571428571
1 0.73359375 0.6986607142857143 0.48325892857142855 0.36160714285714285
1 0.25535714285714284 0.6467633928571429 0.22544642857142858 0.3203125
1 0.6872767857142857 0.3119419642857143 0.47767857142857145 0.1953125
1 0.21573660714285714 0.265625 0.39174107142857145 0.25892857142857145
5 0.18950892857142856 0.10825892857142858 0.125 0.14955357142857142
5 0.3066964285714286 0.14397321428571427 0.109375 0.20535714285714285
5 0.4199776785714286 0.15904017857142858 0.11941964285714286 0.29575892857142855
5 0.5583705357142857 0.12667410714285715 0.13727678571428573 0.21316964285714285
5 0.71796875 0.12053571428571429 0.15736607142857142 0.21205357142857142
